,Methanobacteriaceae,Dysgonomonadaceae,uncultured,UnclassifiedFamily,Aminicenantales,Rikenellaceae,Spirochaetaceae,JS1,Lentimicrobiaceae,Cloacimonadaceae,Smithellaceae,SAR324_clade(Marine_group_B),Syntrophobacteraceae,Anaerolineaceae,Gracilibacteraceae,Bacteroidetes_vadinHA17,Syntrophorhabdaceae,Synergistaceae,Prolixibacteraceae,Methanosaetaceae,Christensenellaceae,Methanoregulaceae,Geobacteraceae,SBR1031,Pedosphaeraceae,Calditrichaceae,Kosmotogaceae
Methanobacteriaceae,0.0,0.0,0.0,0.2719809,0.0,0.27618125,0.0,0.0,0.0,0.21678239,0.0,0.29821616,0.25746217,0.0,0.3048823,0.21849589,0.0,0.0,0.19902733,0.29480705,0.0,0.0,0.28380066,0.0,0.2588615,0.0,0.0
Dysgonomonadaceae,0.0,0.0,0.3004422,0.1916119,0.30112156,0.0,0.0,0.0,0.0,0.0,0.0,0.25379944,0.0,0.0,0.0,0.0,0.30605903,0.19308686,0.0,0.18956713,0.29201066,0.0,0.0,0.0,0.0,0.19878064,0.29919776
uncultured,0.0,0.3004422,0.0,0.2727145,0.0,0.0,0.0,0.24104796,0.0,0.17279744,0.0,0.0,0.0,0.0,0.0,0.0,0.30457014,0.30498576,0.29352972,0.0,0.20205526,0.30374944,0.0,0.0,0.24052407,0.20610724,0.0
UnclassifiedFamily,0.2719809,0.1916119,0.2727145,0.0,0.2598357,0.27152428,0.30333093,0.0,0.0,0.30504367,0.0,0.0,0.0,0.22554782,0.27953535,0.0,0.0,0.2986416,0.0,0.0,0.29380602,0.0,0.0,0.23173222,0.0,0.27990332,0.0
Aminicenantales,0.0,0.30112156,0.0,0.2598357,0.0,0.23549005,0.30071372,0.0,0.0,0.0,0.0,0.0,0.0,0.295453,0.0,0.0,0.23955469,0.3045811,0.0,0.0,0.2971313,0.21759439,0.0,0.0,0.0,0.0,0.2592137
Rikenellaceae,0.27618125,0.0,0.0,0.27152428,0.23549005,0.0,0.0,0.0,0.0,0.24930558,0.0,0.0,0.18233813,0.0,0.22984245,0.0,0.0,0.21137622,0.27041417,0.0,0.26590812,0.0,0.27911538,0.0,0.0,0.0,0.0
Spirochaetaceae,0.0,0.0,0.0,0.30333093,0.30071372,0.0,0.0,0.0,0.0,0.21056052,0.0,0.0,0.0,0.29705995,0.0,0.27022773,0.3077295,0.0,0.24257201,0.0,0.2897987,0.0,0.0,0.28644928,0.0,0.0,0.2969207
JS1,0.0,0.0,0.24104796,0.0,0.0,0.0,0.0,0.0,0.2509103,0.18910393,0.2380031,0.25841948,0.2950578,0.0,0.0,0.28129673,0.2697557,0.0,0.24379899,0.28339386,0.0,0.27707356,0.20764214,0.0,0.22141168,0.0,0.28989208
Lentimicrobiaceae,0.0,0.0,0.0,0.0,0.0,0.0,0.0,0.2509103,0.0,0.23198286,0.19948226,0.0,0.0,0.0,0.0,0.0,0.2896546,0.26260278,0.2780431,0.0,0.3057573,0.0,0.29388,0.22015016,0.22242367,0.2724464,0.0
Cloacimonadaceae,0.21678239,0.0,0.17279744,0.30504367,0.0,0.24930558,0.21056052,0.18910393,0.23198286,0.0,0.29870215,0.24659687,0.28798705,0.27312785,0.2899605,0.28717315,0.308102,0.20004144,0.23077747,0.29850417,0.3063524,0.29555005,0.0,0.2503504,0.20234999,0.2373928,0.27561522
Smithellaceae,0.0,0.0,0.0,0.0,0.0,0.0,0.0,0.2380031,0.19948226,0.29870215,0.0,0.28579223,0.1943737,0.0,0.0,0.2849085,0.3059346,0.0,0.27806488,0.25476336,0.0,0.2132771,0.29181153,0.0,0.2159808,0.0,0.22203478
SAR324_clade(Marine_group_B),0.29821616,0.25379944,0.0,0.0,0.0,0.0,0.0,0.25841948,0.0,0.24659687,0.28579223,0.0,0.22060607,0.0,0.0,0.27956596,0.28778037,0.0,0.0,0.29500306,0.0,0.0,0.26812044,0.0,0.0,0.0,0.2755963
Syntrophobacteraceae,0.25746217,0.0,0.0,0.0,0.0,0.18233813,0.0,0.2950578,0.0,0.28798705,0.1943737,0.22060607,0.0,0.26331773,0.251581,0.0,0.24936499,0.0,0.0,0.24332988,0.0,0.2660843,0.2996269,0.0,0.0,0.0,0.0
Anaerolineaceae,0.0,0.0,0.0,0.22554782,0.295453,0.0,0.29705995,0.0,0.0,0.27312785,0.0,0.0,0.26331773,0.0,0.0,0.28848815,0.0,0.0,0.0,0.0,0.24074425,0.0,0.0,0.30100983,0.24419639,0.2963572,0.20385101
Gracilibacteraceae,0.3048823,0.0,0.0,0.27953535,0.0,0.22984245,0.0,0.0,0.0,0.2899605,0.0,0.0,0.251581,0.0,0.0,0.30690858,0.0,0.0,0.19444464,0.0,0.1965785,0.0,0.27565974,0.25105557,0.0,0.0,0.0
Bacteroidetes_vadinHA17,0.21849589,0.0,0.0,0.0,0.0,0.0,0.27022773,0.28129673,0.0,0.28717315,0.2849085,0.27956596,0.0,0.28848815,0.30690858,0.0,0.23710449,0.0,0.0,0.30657855,0.0,0.0,0.25574917,0.23898466,0.0,0.0,0.29217204
Syntrophorhabdaceae,0.0,0.30605903,0.30457014,0.0,0.23955469,0.0,0.3077295,0.2697557,0.2896546,0.308102,0.3059346,0.28778037,0.24936499,0.0,0.0,0.23710449,0.0,0.18487641,0.20986752,0.0,0.22160532,0.21411194,0.0,0.0,0.0,0.0,0.29291713
Synergistaceae,0.0,0.19308686,0.30498576,0.2986416,0.3045811,0.21137622,0.0,0.0,0.26260278,0.20004144,0.0,0.0,0.0,0.0,0.0,0.0,0.18487641,0.0,0.0,0.0,0.29236662,0.0,0.0,0.0,0.0,0.22411521,0.0
Prolixibacteraceae,0.19902733,0.0,0.29352972,0.0,0.0,0.27041417,0.24257201,0.24379899,0.2780431,0.23077747,0.27806488,0.0,0.0,0.0,0.19444464,0.0,0.20986752,0.0,0.0,0.0,0.279074,0.19802782,0.0,0.29691306,0.29782742,0.0,0.0
Methanosaetaceae,0.29480705,0.18956713,0.0,0.0,0.0,0.0,0.0,0.28339386,0.0,0.29850417,0.25476336,0.29500306,0.24332988,0.0,0.0,0.30657855,0.0,0.0,0.0,0.0,0.0,0.25141913,0.28967002,0.0,0.0,0.0,0.0
Christensenellaceae,0.0,0.29201066,0.20205526,0.29380602,0.2971313,0.26590812,0.2897987,0.0,0.3057573,0.3063524,0.0,0.0,0.0,0.24074425,0.1965785,0.0,0.22160532,0.29236662,0.279074,0.0,0.0,0.0,0.0,0.30287242,0.2489369,0.23855838,0.28209126
Methanoregulaceae,0.0,0.0,0.30374944,0.0,0.21759439,0.0,0.0,0.27707356,0.0,0.29555005,0.2132771,0.0,0.2660843,0.0,0.0,0.0,0.21411194,0.0,0.19802782,0.25141913,0.0,0.0,0.0,0.0,0.28367856,0.0,0.0
Geobacteraceae,0.28380066,0.0,0.0,0.0,0.0,0.27911538,0.0,0.20764214,0.29388,0.0,0.29181153,0.26812044,0.2996269,0.0,0.27565974,0.25574917,0.0,0.0,0.0,0.28967002,0.0,0.0,0.0,0.0,0.0,0.2251365,0.0
SBR1031,0.0,0.0,0.0,0.23173222,0.0,0.0,0.28644928,0.0,0.22015016,0.2503504,0.0,0.0,0.0,0.30100983,0.25105557,0.23898466,0.0,0.0,0.29691306,0.0,0.30287242,0.0,0.0,0.0,0.0,0.21993911,0.0
Pedosphaeraceae,0.2588615,0.0,0.24052407,0.0,0.0,0.0,0.0,0.22141168,0.22242367,0.20234999,0.2159808,0.0,0.0,0.24419639,0.0,0.0,0.0,0.0,0.29782742,0.0,0.2489369,0.28367856,0.0,0.0,0.0,0.0,0.0
Calditrichaceae,0.0,0.19878064,0.20610724,0.27990332,0.0,0.0,0.0,0.0,0.2724464,0.2373928,0.0,0.0,0.0,0.2963572,0.0,0.0,0.0,0.22411521,0.0,0.0,0.23855838,0.0,0.2251365,0.21993911,0.0,0.0,0.0
Kosmotogaceae,0.0,0.29919776,0.0,0.0,0.2592137,0.0,0.2969207,0.28989208,0.0,0.27561522,0.22203478,0.2755963,0.0,0.20385101,0.0,0.29217204,0.29291713,0.0,0.0,0.0,0.28209126,0.0,0.0,0.0,0.0,0.0,0.0
